const statuses = {
  PENDING: "PENDING",
  ONGOINGTOHUB : "ONGOINGTOHUB",
  ONGOINGTODESTINATION:"ONGOINGTODESTINATION",
  PAST:"PAST"
}

const distanceMatrix = [
  [0, 1147, 981, 1348, 524, 622, 149, 301, 1383, 1158, 1252, 2029, 597, 1384],
  [1147, 0, 1743, 2179, 912, 1486, 1176, 1119, 784, 259, 493, 1458, 1510, 2089],
  [981, 1743, 0, 346, 1454, 578, 840, 1265, 1828, 1746, 1610, 2247, 1075, 509],
  [1348, 2179, 346, 0, 1729, 627, 1155, 1600, 2055, 2091, 1956, 2502, 1378, 683],
  [524, 912, 1454, 1729, 0, 703, 494, 263, 1319, 955, 1049, 1820, 437, 1615],
  [622, 1486, 578, 627, 703, 0, 491, 803, 1395, 1003, 879, 1546, 664, 1026],
  [149, 1176, 840, 1155, 494, 491, 0, 451, 1307, 1077, 1181, 1939, 495, 1375],
  [301, 1119, 1265, 1600, 263, 803, 451, 0, 1172, 931, 1025, 1797, 362, 1501],
  [1383, 784, 1828, 2055, 1319, 1395, 1307, 1172, 0, 778, 1012, 1580, 1429, 2149],
  [1158, 259, 1746, 2091, 955, 1003, 1077, 931, 778, 0, 235, 1400, 1252, 2194],
  [1252, 493, 1610, 1956, 1049, 879, 1181, 1025, 1012, 235, 0, 1166, 1359, 2134],
  [2029, 1458, 2247, 2502, 1820, 1546, 1939, 1797, 1580, 1400, 1166, 0, 1963, 2763],
  [597, 1510, 1075, 1378, 437, 664, 495, 362, 1429, 1252, 1359, 1963, 0, 1876],
  [1384, 2089, 509, 683, 1615, 1026, 1375, 1501, 2149, 2194, 2134, 2763, 1876, 0]
];

const distanceWeight = 0.6;
const infraWeight = 0.4;

module.exports = { distanceMatrix, distanceWeight, infraWeight, statuses };
